﻿"Id","Offense","Offense Conference","Defense","Defense Conference","Home","Away","Offense Score","Defense Score","Game Id","Drive Id","Drive Number","Play Number","Period","Clock Minutes","Clock Seconds","Offense Timeouts","Defense Timeouts","Yard Line","Yards To Goal","Down","Distance","Scoring","Yards Gained","Play Type","Play Text","Ppa","Wallclock"
"401309841101854601","BYU","FBS Independents","Arizona","Pac-12","Arizona","BYU","0","0","401309841","4013098411","1","2","1","14","53","3","3","75","75","1","10","false","0","Pass Incompletion","Jaren Hall pass incomplete to Gunner Romney","-0.70297002204365193","2021-09-05T02:41:39.000Z"
"401309841101856901","BYU","FBS Independents","Arizona","Pac-12","Arizona","BYU","0","0","401309841","4013098411","1","3","1","14","30","3","3","75","75","2","10","false","4","Rush","Tyler Allgeier run for 4 yds to the BYU 29","-0.06222348980634162","2021-09-05T02:42:18.000Z"
"401309841101859901","BYU","FBS Independents","Arizona","Pac-12","Arizona","BYU","0","0","401309841","4013098411","1","4","1","14","0","3","3","71","71","3","6","false","10","Pass Reception","Jaren Hall pass complete to Masen Wake for 10 yds to the BYU 39 for a 1ST down","1.98793259510644905","2021-09-05T02:43:05.000Z"
"401309841101864601","BYU","FBS Independents","Arizona","Pac-12","Arizona","BYU","0","0","401309841","4013098411","1","5","1","13","53","3","3","61","61","1","10","false","0","Pass Incompletion","Jaren Hall pass incomplete to Gunner Romney","-1.1077677360468863","2021-09-05T02:43:16.000Z"
"401309841101865201","BYU","FBS Independents","Arizona","Pac-12","Arizona","BYU","0","0","401309841","4013098411","1","6","1","13","47","3","3","61","61","2","10","false","0","Pass Incompletion","Jaren Hall pass incomplete to Keanu Hill","-0.72571522933736165","2021-09-05T02:43:59.000Z"
"401309841101865801","BYU","FBS Independents","Arizona","Pac-12","Arizona","BYU","0","0","401309841","4013098411","1","7","1","13","41","3","3","61","61","3","10","false","0","Pass Incompletion","Jaren Hall pass incomplete to Neil Pau'u","-0.38830614927378448","2021-09-05T02:44:22.000Z"
"401309841101866501","BYU","FBS Independents","Arizona","Pac-12","Arizona","BYU","0","0","401309841","4013098411","1","8","1","13","34","3","3","61","61","4","10","false","0","Punt","Ryan Rehkow punt for 46 yds, fair catch by Stanley Berryhill III at the Ariz 15","","2021-09-05T02:46:24.000Z"
"401309841101904502","BYU","FBS Independents","Arizona","Pac-12","Arizona","BYU","0","0","401309841","4013098413","3","1","1","9","54","3","3","84","84","1","10","false","0","Pass Incompletion","Jaren Hall pass incomplete to Neil Pau'u","-0.461828499020119154","2021-09-05T03:11:34.000Z"
"401309841101908401","BYU","FBS Independents","Arizona","Pac-12","Arizona","BYU","0","0","401309841","4013098413","3","2","1","9","15","3","3","84","84","2","10","false","7","Rush","Tyler Allgeier run for 7 yds to the BYU 23","0.212414490233638454","2021-09-05T03:12:39.000Z"
"401309841101915401","BYU","FBS Independents","Arizona","Pac-12","Arizona","BYU","0","0","401309841","4013098413","3","3","1","8","45","3","3","77","77","3","3","false","1","Rush","Tyler Allgeier run for 1 yd to the BYU 24","-0.27615738671484369","2021-09-05T03:13:11.000Z"
"401309841101917301","BYU","FBS Independents","Arizona","Pac-12","Arizona","BYU","0","0","401309841","4013098413","3","4","1","8","26","3","3","76","76","4","2","false","10","Punt","Ryan Rehkow punt for 46 yds , Stanley Berryhill III returns for 10 yds to the Ariz 40","","2021-09-05T03:13:53.000Z"
"401309841101929901","BYU","FBS Independents","Arizona","Pac-12","Arizona","BYU","0","0","401309841","4013098415","5","1","1","7","0","3","3","91","91","1","10","false","4","Rush","Lopini Katoa run for 4 yds to the BYU 13","-0.04486009398484114","2021-09-05T03:17:18.000Z"
"401309841101935901","BYU","FBS Independents","Arizona","Pac-12","Arizona","BYU","0","0","401309841","4013098415","5","2","1","6","40","3","3","87","87","2","6","false","16","Rush","Lopini Katoa run for 16 yds to the BYU 29 for a 1ST down","1.09142917725475464","2021-09-05T03:17:50.000Z"
"401309841101938401","BYU","FBS Independents","Arizona","Pac-12","Arizona","BYU","0","0","401309841","4013098415","5","3","1","6","15","3","3","71","71","1","10","false","4","Rush","Lopini Katoa run for 4 yds to the BYU 33","-0.1350508541150131","2021-09-05T03:18:09.000Z"
"401309841101946901","BYU","FBS Independents","Arizona","Pac-12","Arizona","BYU","0","0","401309841","4013098415","5","4","1","5","30","3","3","67","67","2","6","false","13","Rush","Tyler Allgeier run for 13 yds to the BYU 46 for a 1ST down","1.7257701891847697","2021-09-05T03:19:03.000Z"
"401309841101949301","BYU","FBS Independents","Arizona","Pac-12","Arizona","BYU","0","0","401309841","4013098415","5","5","1","5","6","3","3","54","54","1","10","false","9","Rush","Tyler Allgeier run for 9 yds to the Ariz 45","1.205881798515950","2021-09-05T03:19:42.000Z"
"401309841101956401","BYU","FBS Independents","Arizona","Pac-12","Arizona","BYU","0","0","401309841","4013098415","5","6","1","4","35","3","3","45","45","2","1","false","1","Rush","Lopini Katoa run for 1 yd to the Ariz 44 for a 1ST down","-0.4338666183407633","2021-09-05T03:21:15.000Z"
"401309841101964401","BYU","FBS Independents","Arizona","Pac-12","Arizona","BYU","0","0","401309841","4013098415","5","7","1","3","55","3","3","44","44","1","10","false","1","Pass Reception","Jaren Hall pass complete to Neil Pau'u for 1 yd to the Ariz 43","-0.7468552089852203","2021-09-05T03:21:58.000Z"
"401309841101968401","BYU","FBS Independents","Arizona","Pac-12","Arizona","BYU","0","0","401309841","4013098415","5","8","1","3","15","3","3","43","43","2","9","false","-2","Rush","Lopini Katoa run for a loss of 2 yards to the Ariz 45","-1.4986148726566047","2021-09-05T03:22:40.000Z"
"401309841101975401","BYU","FBS Independents","Arizona","Pac-12","Arizona","BYU","0","0","401309841","4013098415","5","9","1","2","45","3","3","45","45","3","11","false","1","Rush","Lopini Katoa run for 1 yd to the Ariz 44","-0.6747321888420145","2021-09-05T03:23:10.000Z"
"401309841101977901","BYU","FBS Independents","Arizona","Pac-12","Arizona","BYU","0","0","401309841","4013098415","5","10","1","2","20","3","3","44","44","4","10","false","0","Punt","Ryan Rehkow punt for 35 yds, punt out-of-bounds at the Ariz 9","","2021-09-05T03:23:58.000Z"
"401309841102874401","BYU","FBS Independents","Arizona","Pac-12","Arizona","BYU","0","0","401309841","4013098417","7","1","2","12","55","3","3","73","73","1","10","false","0","Rush","Tyler Allgeier run for no gain to the BYU 27","-0.76604703567364395","2021-09-05T03:39:10.000Z"
"401309841102877101","BYU","FBS Independents","Arizona","Pac-12","Arizona","BYU","0","0","401309841","4013098417","7","2","2","12","28","3","3","73","73","2","10","false","22","Pass Reception","Jaren Hall pass complete to Neil Pau'u for 22 yds to the BYU 49 for a 1ST down","2.77539526600264155","2021-09-05T03:39:42.000Z"
"401309841102879401","BYU","FBS Independents","Arizona","Pac-12","Arizona","BYU","0","0","401309841","4013098417","7","3","2","12","5","3","3","51","51","1","10","false","3","Rush","Tyler Allgeier run for 3 yds to the Ariz 48","-0.395458128988178","2021-09-05T03:40:05.000Z"
"401309841102885301","BYU","FBS Independents","Arizona","Pac-12","Arizona","BYU","0","0","401309841","4013098417","7","4","2","11","46","3","3","48","48","2","7","false","0","Pass Incompletion","Jaren Hall pass incomplete to Masen Wake","-1.1303938669231302","2021-09-05T03:40:45.000Z"
"401309841102888401","BYU","FBS Independents","Arizona","Pac-12","Arizona","BYU","0","0","401309841","4013098417","7","5","2","11","15","3","3","48","48","3","7","false","-10","Penalty","Hall, Jaren pass complete to Pau'u, Neil for no gain to the ARIZONA48, PENALTY BYU holding (Allgeier, Tyler) 10 yards to the BYU42, NO PLAY.","","2021-09-05T03:42:05.000Z"
"401309841102895901","BYU","FBS Independents","Arizona","Pac-12","Arizona","BYU","0","0","401309841","4013098417","7","6","2","10","40","3","3","58","58","3","17","false","12","Pass Reception","Jaren Hall pass complete to Neil Pau'u for 12 yds to the Ariz 46","0.92467356819797782","2021-09-05T03:42:31.000Z"
"401309841102897901","BYU","FBS Independents","Arizona","Pac-12","Arizona","BYU","0","0","401309841","4013098417","7","7","2","10","20","3","3","46","46","4","5","false","11","Pass Reception","Jaren Hall pass complete to Chris Jackson for 11 yds to the Ariz 35 for a 1ST down","3.0379917413256055","2021-09-05T03:44:00.000Z"
"401309841102899901","BYU","FBS Independents","Arizona","Pac-12","Arizona","BYU","0","0","401309841","4013098417","7","8","2","10","0","3","3","35","35","1","10","false","11","Pass Reception","Jaren Hall pass complete to Keanu Hill for 11 yds to the Ariz 24 for a 1ST down","0.291150835169981","2021-09-05T03:45:11.000Z"
"401309841102905901","BYU","FBS Independents","Arizona","Pac-12","Arizona","BYU","0","0","401309841","4013098417","7","9","2","9","40","3","3","24","24","1","10","false","9","Pass Reception","Neil Pau'u pass complete to Jaren Hall for 9 yds to the Ariz 15","0.641938297485138","2021-09-05T03:45:57.000Z"
"401309841102908201","BYU","FBS Independents","Arizona","Pac-12","Arizona","BYU","6","0","401309841","4013098417","7","10","2","9","17","3","3","15","15","2","1","true","15","Rushing Touchdown","Tyler Allgeier run for 15 yds for a TD, (Two-Point Conversion failed)","2.039499651121837","2021-09-05T03:46:07.000Z"
"401309841102908203","BYU","FBS Independents","Arizona","Pac-12","Arizona","BYU","6","0","401309841","4013098418","8","1","2","9","17","3","3","65","65","2","1","false","25","Kickoff","Justen Smith kickoff for 65 yds , Tayvian Cunningham return for 25 yds to the Ariz 25","","2021-09-05T03:46:07.000Z"
"401309841102958901","BYU","FBS Independents","Arizona","Pac-12","Arizona","BYU","6","0","401309841","4013098419","9","1","2","4","10","3","3","80","80","1","10","false","6","Pass Reception","Jaren Hall pass complete to Keanu Hill for 6 yds to the BYU 26","0.2888240217992033","2021-09-04T04:02:08.000Z"
"401309841102965401","BYU","FBS Independents","Arizona","Pac-12","Arizona","BYU","6","0","401309841","4013098419","9","2","2","3","45","3","3","74","74","2","4","false","4","Pass Reception","Jaren Hall pass complete to Neil Pau'u for 4 yds to the BYU 30 for a 1ST down","0.4044472549015561","2021-09-04T04:02:39.000Z"
"401309841102974401","BYU","FBS Independents","Arizona","Pac-12","Arizona","BYU","6","0","401309841","4013098419","9","3","2","2","55","3","3","70","70","1","10","false","4","Pass Reception","Jaren Hall pass complete to Lopini Katoa for 4 yds to the BYU 34","-0.1399034934597019","2021-09-04T04:03:33.000Z"
"401309841102977401","BYU","FBS Independents","Arizona","Pac-12","Arizona","BYU","6","0","401309841","4013098419","9","4","2","2","25","3","3","66","66","2","6","false","-1","Rush","Lopini Katoa run for a loss of 1 yard to the BYU 33","-0.9242448314838105","2021-09-04T04:03:56.000Z"
"401309841102979301","BYU","FBS Independents","Arizona","Pac-12","Arizona","BYU","14","0","401309841","4013098419","9","5","2","2","6","3","3","67","67","3","7","true","67","Passing Touchdown","Jaren Hall pass complete to Neil Pau'u for 67 yds for a TD, (Jaren Hall pass  to Lopini Katoa for Two-Point Conversion)","6.7569348438478558","2021-09-04T04:06:48.000Z"
"401309841102979305","BYU","FBS Independents","Arizona","Pac-12","Arizona","BYU","14","0","401309841","40130984110","10","1","2","2","6","3","3","65","65","3","7","false","20","Kickoff","Justen Smith kickoff for 60 yds , Tayvian Cunningham return for 20 yds to the Ariz 25","","2021-09-04T04:06:48.000Z"
"401309841102999901","BYU","FBS Independents","Arizona","Pac-12","Arizona","BYU","14","3","401309841","40130984111","11","2","2","0","0","3","1","75","75","1","10","false","3","Rush","Tyler Allgeier run for 3 yds to the BYU 28","-0.2957674139440157","2021-09-04T04:21:22.000Z"
"401309841102999902","BYU","FBS Independents","Arizona","Pac-12","Arizona","BYU","14","3","401309841","40130984111","11","3","2","0","0","3","1","75","75","0","10","false","0","End of Half","End of 2nd Quarter","","2021-09-04T04:21:22.000Z"
"401309841103849901","BYU","FBS Independents","Arizona","Pac-12","Arizona","BYU","14","3","401309841","40130984112","12","1","3","15","0","3","3","65","65","1","10","false","26","Kickoff","Justen Smith kickoff for 65 yds , Tayvian Cunningham return for 26 yds to the Ariz 26","","2021-09-04T04:43:36.000Z"
"401309841103885401","BYU","FBS Independents","Arizona","Pac-12","Arizona","BYU","14","3","401309841","40130984113","13","1","3","11","45","3","3","80","80","1","10","false","9","Pass Reception","Jaren Hall pass complete to Chris Jackson for 9 yds to the BYU 29","1.1127415828278746","2021-09-04T04:51:42.000Z"
"401309841103889101","BYU","FBS Independents","Arizona","Pac-12","Arizona","BYU","14","3","401309841","40130984113","13","2","3","11","8","3","3","71","71","2","1","false","4","Rush","Tyler Allgeier run for 4 yds to the BYU 33 for a 1ST down","-0.1557404563639206","2021-09-04T04:52:24.000Z"
"401309841103897401","BYU","FBS Independents","Arizona","Pac-12","Arizona","BYU","14","3","401309841","40130984113","13","3","3","10","25","3","3","67","67","1","10","false","9","Rush","Tyler Allgeier run for 9 yds to the BYU 42","1.3810649085820418","2021-09-04T04:53:06.000Z"
"401309841103899501","BYU","FBS Independents","Arizona","Pac-12","Arizona","BYU","14","3","401309841","40130984113","13","4","3","10","4","3","3","58","58","2","1","false","0","Pass Incompletion","Jaren Hall pass incomplete to Neil Pau'u","-1.4293578733368068","2021-09-04T04:53:34.000Z"
"401309841103905901","BYU","FBS Independents","Arizona","Pac-12","Arizona","BYU","14","3","401309841","40130984113","13","5","3","9","40","3","3","58","58","3","1","false","2","Rush","Jaren Hall run for 2 yds to the BYU 44 for a 1ST down","1.1071668525166078","2021-09-04T04:54:30.000Z"
"401309841103909901","BYU","FBS Independents","Arizona","Pac-12","Arizona","BYU","14","3","401309841","40130984113","13","6","3","9","0","3","3","56","56","1","10","false","39","Rush","Jaren Hall run for 39 yds to the Ariz 17 for a 1ST down","1.790279678594892","2021-09-04T04:55:16.000Z"
"401309841103918701","BYU","FBS Independents","Arizona","Pac-12","Arizona","BYU","14","3","401309841","40130984113","13","7","3","8","12","3","3","17","17","1","10","false","8","Pass Reception","Jaren Hall pass complete to Neil Pau'u for a loss of 1 yard to the Ariz 18 for a 1ST down ARIZONA Penalty, Face Mask (9 yards) (Jaxen Turner) to the Ariz 9 for a 1ST down","0.451122635393853","2021-09-04T04:56:43.000Z"
"401309841103926401","BYU","FBS Independents","Arizona","Pac-12","Arizona","BYU","14","3","401309841","40130984113","13","8","3","7","35","3","3","9","9","1","9","false","3","Rush","Tyler Allgeier run for 3 yds to the Ariz 6","-0.104429169135470","2021-09-04T04:57:18.000Z"
"401309841103926501","BYU","FBS Independents","Arizona","Pac-12","Arizona","BYU","14","3","401309841","40130984113","13","9","3","7","34","3","2","6","6","2","0","false","0","Timeout","Timeout ARIZONA, clock 07:34","","2021-09-04T04:57:42.000Z"
"401309841103927101","BYU","FBS Independents","Arizona","Pac-12","Arizona","BYU","21","3","401309841","40130984113","13","10","3","7","28","3","2","6","6","2","6","true","6","Passing Touchdown","Jaren Hall pass complete to Neil Pau'u for 6 yds for a TD, (Justen Smith KICK) ARIZONA Penalty, Defensive Offside ( Yards) declined","2.528666992781938","2021-09-04T05:04:53.000Z"
"401309841103927103","BYU","FBS Independents","Arizona","Pac-12","Arizona","BYU","21","3","401309841","40130984114","14","1","3","7","28","3","2","65","65","2","7","false","0","Kickoff","Justen Smith kickoff for 65 yds for a touchback","","2021-09-04T05:04:53.000Z"
"401309841103968201","BYU","FBS Independents","Arizona","Pac-12","Arizona","BYU","21","3","401309841","40130984115","15","1","3","3","17","3","2","99","99","1","10","false","0","Pass Incompletion","Jaren Hall pass incomplete to Dallin Holker","-0.241209984609019658","2021-09-04T05:16:34.000Z"
"401309841103968701","BYU","FBS Independents","Arizona","Pac-12","Arizona","BYU","21","5","401309841","40130984115","15","2","3","3","12","3","2","99","99","2","10","true","-1","Safety","Lopini Katoa run for a loss of 1 yard for a SAFETY","-1.76711016352157113","2021-09-04T05:17:45.000Z"
"401309841103968702","BYU","FBS Independents","Arizona","Pac-12","Arizona","BYU","21","5","401309841","40130984116","16","1","3","3","12","3","2","80","80","2","10","false","36","Kickoff","Justen Smith kickoff for 62 yds , Tayvian Cunningham return for 36 yds to the BYU 46","","2021-09-04T05:17:45.000Z"
"401309841103979904","BYU","FBS Independents","Arizona","Pac-12","Arizona","BYU","21","13","401309841","40130984117","17","2","3","2","0","3","2","75","75","1","10","false","-5","Penalty","BYU Penalty, Delay of Game (-5 Yards) to the BYU 20","","2021-09-04T05:21:27.000Z"
"401309841103986501","BYU","FBS Independents","Arizona","Pac-12","Arizona","BYU","21","13","401309841","40130984117","17","3","3","1","34","3","2","80","80","1","15","false","7","Pass Reception","Jaren Hall pass complete to Tyler Allgeier for 7 yds to the BYU 27","0.28881429892761013","2021-09-04T05:27:00.000Z"
"401309841103989901","BYU","FBS Independents","Arizona","Pac-12","Arizona","BYU","21","13","401309841","40130984117","17","4","3","1","0","3","2","73","73","2","8","false","2","Pass Reception","Jaren Hall pass complete to Isaac Rex for 2 yds to the BYU 29","-0.31258983252795591","2021-09-04T05:27:36.000Z"
"401309841103996001","BYU","FBS Independents","Arizona","Pac-12","Arizona","BYU","21","13","401309841","40130984117","17","5","3","0","39","3","2","71","71","3","6","false","0","Pass Incompletion","Jaren Hall pass incomplete to Dallin Holker","-0.31468972689785791","2021-09-04T05:28:05.000Z"
"401309841103997401","BYU","FBS Independents","Arizona","Pac-12","Arizona","BYU","21","13","401309841","40130984117","17","6","3","0","25","3","2","71","71","4","6","false","9","Punt","Ryan Rehkow punt for 59 yds , Stanley Berryhill III returns for 9 yds to the Ariz 21","","2021-09-04T05:29:05.000Z"
"401309841104888401","BYU","FBS Independents","Arizona","Pac-12","Arizona","BYU","21","13","401309841","40130984119","19","1","4","11","15","3","2","74","74","1","10","false","21","Rush","Tyler Allgeier run for 21 yds to the BYU 47 for a 1ST down","1.9114768788876582","2021-09-04T05:45:14.000Z"
"401309841104896401","BYU","FBS Independents","Arizona","Pac-12","Arizona","BYU","21","13","401309841","40130984119","19","2","4","10","35","3","2","53","53","1","10","false","-2","Rush","Tyler Allgeier run for a loss of 2 yards to the BYU 45","-1.5986276965513060","2021-09-04T05:45:52.000Z"
"401309841104899001","BYU","FBS Independents","Arizona","Pac-12","Arizona","BYU","21","13","401309841","40130984119","19","3","4","10","9","3","2","55","55","2","12","false","15","Pass Reception","Jaren Hall pass complete to Neil Pau'u for 15 yds to the Ariz 40 for a 1ST down","2.5048779861872727","2021-09-04T05:46:25.000Z"
"401309841104905401","BYU","FBS Independents","Arizona","Pac-12","Arizona","BYU","21","13","401309841","40130984119","19","4","4","9","45","3","2","40","40","1","10","false","11","Rush","Lopini Katoa run for 11 yds to the Ariz 29 for a 1ST down","0.400747959339229","2021-09-04T05:46:52.000Z"
"401309841104908401","BYU","FBS Independents","Arizona","Pac-12","Arizona","BYU","21","13","401309841","40130984119","19","5","4","9","15","3","2","29","29","1","10","false","-6","Sack","Jaren Hall sacked by Kyon Barrs for a loss of 6 yards to the Ariz 35","-1.5038189381576906","2021-09-04T05:47:21.000Z"
"401309841104916401","BYU","FBS Independents","Arizona","Pac-12","Arizona","BYU","21","13","401309841","40130984119","19","6","4","8","35","3","2","35","35","2","16","false","7","Pass Reception","Jaren Hall pass complete to Isaac Rex for 7 yds to the Ariz 28","0.4152842521389816","2021-09-04T05:47:58.000Z"
